[##.#..] (3,4,5) (1,3,5) (4,5) (2) (0,2) (0,1,4) (0,2,3,4) (0,3) {38,17,32,60,37,41}
[#.###] (1,2,4) (1,2) (0,2,3,4) {13,19,32,13,27}
[#####] (1,2,3,4) (0,1,3) (1,3) (2,3,4) (2,3) (0,1,3,4) {16,32,35,59,42}
[.####..#] (2,7) (0,4,7) (0,3,4,5,7) (1,5) (0,1,2,5,6,7) (0,1,2,4) (1,3,4,5) {39,39,29,35,49,54,7,55}
[.#.#..#.#] (0,6,8) (0,2,3,7) (0,1,6,7,8) (2,4,5,8) (2,3,4,5,7,8) (0,1,2,3,4,5,8) (1,2,3,6,8) {27,5,31,12,24,24,18,7,42}
[###.] (1,2) (0,2,3) (0,3) (0,2) (1,3) (2) {16,14,18,25}
[.#..#] (3,4) (0,2) (1,3) (0,1,2) (0,1,4) {14,12,9,2,7}
[#.##.] (0,4) (1,3) (1,4) (0,3) (0,2,3) {16,12,10,14,14}
[.#.#####] (2,6) (1,3,4,6) (6,7) (1,3,4,7) (0,1,2) (0,1,3,5) (0,2,3,5,6) (0,2,3) (2,3,7) {37,52,34,56,30,25,56,26}
[#...##] (2,3,5) (0,4,5) (0,1,4,5) (0,1,4) (0,4) (0,3) (1,3,4) {47,27,1,3,49,29}
[...#.#.##.] (1,2,3,4,5,6,7,9) (0,2,6) (0,3,6) (1,3,4,5,8,9) (0,1,4,5,7,8,9) (4,7,8) (1,2,5,8) (3,5,7,8) {40,38,38,18,45,41,32,46,49,28}
[.###.#..] (1,6) (1,3) (2,3) (3,4,5,6,7) (4) (1,2,4,5,7) (0,7) (0,1,3,5,6,7) (0,1,2,5,6,7) {52,73,31,51,17,51,59,63}
[#..#.##.#] (0,2,3,4,5,8) (0,2,3,7,8) (6) (5,6,8) (0,1,2,4,6,7,8) (0,1,2,4,5,7,8) (1,6) (3,5,7) (8) (0,1,3,4,6,7,8) {70,39,66,47,59,57,32,62,91}
[##.#.#.] (2,3,4,5,6) (0,1,2,3,5,6) (1,2,4,5) (1,3,5,6) (0,5,6) (0,3,4,6) (0,4) (1,4,6) {31,33,27,39,32,51,49}
[..##.#] (0,2,3) (0,5) (0,1,3,4) (2,3,4,5) (1,2,4,5) (1,5) (0,1,2) {52,62,67,45,49,48}
[....####] (1,4) (6,7) (1,5) (1,2,3,4,5,6) (4,5,6) (0,1,4,6) (1,4,5) (3,6) (0,1,5,6,7) (0,2) {28,64,18,27,49,60,71,29}
[#.#...] (4,5) (3,4) (1,4) (0,4) (0,1,4,5) (0,5) (0,1,2,4) {155,16,1,4,166,12}
[...####] (0,2,3,4,5) (0,1,2) (2,3,4,5) (0,3) (2,4,5) (0,1,6) {37,36,29,1,10,10,17}
[.#.#..#..] (1,3,4,5,6,7) (1,2) (4,7,8) (0,1,3,4,5,6,7,8) (0,1) (3,4,6,7) (0,4,8) (0,3,4,5,7) (0,1,3,5,7) {57,44,8,63,80,45,41,71,33}
[#....#...#] (6,7,8) (7,8) (1,2,3,4,8,9) (0,1,5,6,7,8,9) (0,1,2,3,4,6,8) (7) (2,3,5,6,7) (0,1,5,7,8,9) (1,4,6,9) (0,2,3,4,5,7,8,9) (2,5) (1,2,3,5,6,9) (1,5,6,7) {222,262,58,56,49,249,80,247,242,248}
[##....#...] (0,2,3,4,7,8,9) (0,1,2,3,4,6,7,9) (2,3,8) (0,1,2,3,4,5,8,9) (0,1,2,4,5,6,7,8) (0,1,2,6,7,9) (1,2,3,4,6,7,8,9) (0,2,3,5,6,7,8) (0,1,2,4,7,8) (0,1,3,5,7) {156,42,175,163,42,138,130,148,173,32}
[##.#..##.#] (0,1,2,3,5,7,8,9) (1,6,8) (1,5,7,8) (3,6,8) (2,3) (1,5) (4,6) (3,7) (1,2,3,5,6,7,8,9) (1,2,3,4,6,7,8) (0,3,5,9) (0,1,8,9) {30,73,217,256,2,49,49,56,78,49}
[##..#] (0,1,4) (1,4) (0,2,3,4) (0,2,4) (3) (1) (1,2) {38,57,35,15,51}
[#.##.#] (0,3,5) (3,4,5) (1,2,5) (0,2,3,5) (0,1,4) {155,22,19,167,28,181}
[##....] (2,3,4,5) (2,4,5) (0,3,5) (1,3) (0,1,4,5) (1,2,4) (0,2,3,5) (0,2,3,4,5) {21,17,49,31,59,58}
[#..#.#.#..] (0,1,2,3,4,7,8) (3,6) (0,5) (1,2,3,4,7,9) (2,4,5,6,7,8,9) (3,4) (0,2,3,4,5,7,8,9) (0,3,4,6,9) (0,1,3,4,5,6,7,9) {56,21,26,61,61,33,33,40,23,55}
[.#....#..] (2,3,5,6,7,8) (0,1) (1,2,3,4,6,7,8) (3,6) (1,3,6) (6,8) (2,4,7) (0,2,3,5,6,7,8) (1,2,3,4,6,7) {22,48,63,72,38,25,73,63,46}
[.##..##..#] (1,3,4,5,6,7) (5,7) (1,2,4) (4,5,6,9) (4) (0,1,2,7,8) (0,2,3,4,6) (0,1,2,3,6,7,8,9) {58,52,58,54,48,29,68,53,38,34}
[#..#] (1,3) (0,3) (3) (2,3) (1,2) {11,21,21,222}
[#......] (0,2,3,4,5) (0,6) (1) (5) (2,3,4,5) (3,4) (0,1,2,6) {23,9,22,29,29,31,7}
[.###.##.#] (1,2,3,8) (1,5,8) (6,7) (2,4,5,8) (0,2,3,4,6,7,8) (1,3,5,6) (2,8) {18,17,209,23,188,186,26,22,221}
[....##....] (2,3,6,7) (1,3,9) (2,3,5,7) (2,5,7,8,9) (0,2,4,5,6,7,8,9) (2,3,4,5,6,8,9) (0,1,3,4,6,7,8) (0,1,2,3,5,8,9) (1,2,4,7) (2,4,5,7,8) (4,5) (0,1,5,6,7) (0,4,7,8) {45,43,75,55,64,89,54,75,76,61}
[.#####] (0,1,2,3) (3,4) (1,2,3,4,5) (0,3,4,5) {10,4,4,20,20,14}
[.#..##.] (0,3,5,6) (1,2,5,6) (1,2,5) (1,2,3,4,6) (1,3,6) (0,2,6) (0,4,6) (1,2,3,4,5,6) {12,49,42,35,20,37,54}
[..##..] (0,2,4,5) (0,3,4) (0,2,5) (1,3) (0,1,4,5) {33,25,15,13,22,30}
[#.##..#] (2,5) (0,1,3) (0,1,2,3,4,5) (1,2,4,6) (1,2,4,5,6) {14,29,36,14,25,21,15}
[#.#.####] (1,2,4,5,7) (0,1,2,3,4,5) (0,2,3,6,7) (3,5,6) (0,1,3,4,5,6) (1,3,6,7) (1,2,3,4,6,7) {37,56,43,74,36,27,58,47}
[#....] (0,3) (2,3,4) (0,3,4) (0,2,4) (1,2) (0,1,3,4) {24,11,10,27,20}
[#.###.##] (0,3,4) (3,4,5) (0,1,2,3,4,6) (1,2,7) (1,6,7) (1,2,3,4,5,6,7) {199,225,206,216,216,17,209,39}
[#.##] (0,1,2,3) (0,2,3) {13,9,13,13}
[#.#..##] (0,1,3,4,6) (0,2) (1,2,3,4) (1,4,5,6) (0,1,3,4,5) (0,2,6) (0,1,2,5) {49,196,46,43,177,158,153}
[#..##.#] (3) (0,1,5) (0,1) (0,3) (2,6) (0,1,2,3,4) (0,1,4,5) (2,4) (6) {40,40,25,14,23,28,16}
[#####.] (2,3) (0,1,2,4,5) (4,5) (0,1,3) (0,5) (0,3,4,5) {30,20,25,32,13,22}
[.#.###.##.] (5,7) (0,2,4,6,8,9) (0,1,2,3,4,5,6,9) (0,1,2,3,4,7,9) (0,1,3,6,7,8,9) (2,6,7,8,9) (0,3,5,6,7,8) (0,2,3,4,6,7,9) (5) (0,1,2,3,6) (0,5,7) (4,9) {48,34,33,41,26,64,38,59,22,41}
[###.##.#] (1,2) (0,2,3,4,5,6,7) (0,1,2,3,5,6) (0,1,4,5,6,7) (0,1,2,4,5,7) (0,5,6) {258,245,245,32,232,258,60,232}
[##..#..] (0,2,3,4,6) (1,3,4,6) (0,1,6) (2,4,5) (0,2,3,4,5,6) {52,208,35,222,224,22,241}
[##.##] (1,4) (0,1,2,3) (2,4) {15,31,17,15,18}
[###..#.] (0,1,2,3,5,6) (2,4,6) (0,1,6) (1,2,3,4,5,6) (1,2,4,5,6) (0,1,3,4,5,6) {21,52,54,25,50,39,69}
[...#...#] (2,3,5,6) (1,4,5,6,7) (0,1,4,7) (3,5,6) (0,2,3,6) (1,2,3,4) (0,2,5,7) (0,1,2,4,5,6,7) (1,4,6) (3,4,5,7) {28,53,65,80,70,85,78,48}
[.#.#..##..] (3,6,8,9) (1,2,4,5,7,8) (0,4) (1,3,6,7) (4,6,7,9) (0,3,4,6,9) (0,1,2,4,5,7) (2,3,4,5,8,9) (0,3,7,8,9) (3,6,9) {44,31,39,67,213,39,199,208,49,223}
[##.#.#.#] (0,1,5,7) (1,2) (0,2,4,5,6) (0,1,2,3,5,7) (1,2,4,5,7) (1,3,7) (1,2,3,4,6,7) (0,1,3,5,6,7) {37,57,52,20,35,54,27,44}
[#.##.##] (0,2,3,5,6) (0,2) (3,4,5) (1,2,4) (0,1,2,4,6) (5,6) (0,1,2,4) {52,23,54,14,26,34,41}
[.#..#.#..] (2,3,4,6) (2,3,4,5,6) (0,1,2,4,6) (1,2,3,4,5,6,7,8) (1,4,6) (0,2,5) (1,3,7) (0,2,3,4,5,7,8) {194,46,223,218,227,215,47,208,199}
[.#..##.] (2,4) (0,1,2,3,5) (0,1,2,3) (1,3) (0,2,6) (0,4) (1,3,4,5,6) (3,6) {31,26,44,35,25,13,14}
[#.#.] (0,1) (1,3) (2,3) (1) {19,237,14,32}
[##...#..] (4,6,7) (0,1,4,5,6,7) (1,4,5,7) (1,3) (1,2,4,6,7) (0,2,4,5,7) {23,70,18,15,66,43,43,66}
[.#..#.] (0,1,5) (2,3,5) (0,1,4) (0,2,3,4) {153,34,124,124,136,22}
[.####..#.#] (1,5,6,9) (2,3,4,5,6,7,8) (0,2,4,6,8,9) (1,2,3,4,7,9) (0,1,2,3,5,6,7,8) (0,2,3,4,5,7,8,9) (0,3,5,6,9) (0,2,3,5,7,8,9) (0,1,4,6) {36,33,37,35,31,42,34,32,28,53}
[#.#.#] (0,1) (1,4) (0,1,2,4) (0,3) (1,3) (2,3,4) {28,44,39,25,55}
[..#.#....#] (1,2,5,6,7,8,9) (0,1,3,4,6,8) (2,4,9) (0,3,5,7) (1,2,3,6) (0,3,5,6,7) (0,4,5,7,8) (0,5,6,8,9) (0,1,4,5,6,8) {71,42,16,34,60,57,51,31,60,16}
[#....#] (0,2,5) (0,1,2,4) (0,3) (0,1,4) (3,4,5) {49,30,20,26,43,19}
[##...####] (0,1,3,4,5,6,7,8) (0,1,2,3,5,6,7) (1,2,3,4,5,6) (3,4,5,6,7,8) (0,1,3,5,6,7) (0,6) (3,5) (1,8) (4,5) (1,3,8) (0,1,2,4,6,7,8) {183,190,160,190,40,192,194,185,52}
[.....##] (0,3,4,6) (4) (0,1,3,5,6) (0) (1,4,5) (3,4) (1,2,4,6) (4,5,6) (0,1,4) {35,28,4,27,67,36,45}
[##..##..] (0,1,2,4,5) (1,2,4,5,7) (0,3,4) (0) (2,5) (1,2,3,4,5,6,7) (0,1,4,5,6,7) (1,3,4,5,6) (2,3,4,5,6,7) (2,3,4,5,7) {42,62,65,63,92,95,64,71}
[....#] (1,2,4) (0,2,3,4) (0,2,3) (2) {27,5,45,27,18}
[..##..##.#] (2,9) (0,1,3,4,5,9) (1,2,3,5,6,7,8) (1,4,7) (3,4,5,7,9) (0,3,5,7,8) (5,6) (0,2,3,6,7,8,9) (0,1,7) (1,2,3,4,6,8,9) (5,6,9) {33,48,49,60,31,48,57,71,45,46}
[##..#..#] (1,3,4,5,6,7) (6) (0,6,7) (1,2,3,4,5,6) (0,2,3,6,7) (0,2,3,4,5,6) (0,4,5,7) (1,5,6) (0,1,2,3,5,7) (1,2,3,5,6,7) {18,38,30,32,8,41,234,37}
[#..#.#..#] (1,3,6,7,8) (0,5,6) (1,3,4,5,6,7) (1,2,3,4,5,8) (0,2,3,4,5,6,7,8) (2,3,4,6,7,8) (5,6) (0,2,3,4,5,7,8) (3,7,8) (0,1,3,5,7) (0,4) {72,55,50,105,87,100,58,90,68}
[##..#] (2,3,4) (0,1,3) (0,1,2,4) (0,1,4) {26,26,29,19,37}
[.#####..#] (0,2) (0,1,2,3,5,6,7) (0,1,4,8) (1,6) (1,4,5,8) (0,1,2,4,5,6) (0,3,7) (0,2,4,5,6,7,8) (0,1,4,5,6,8) (0,2,6,7) (1,2,3,4,6,7,8) {278,247,248,37,218,230,253,53,24}
[#...#] (3,4) (0,1,2) (1,2,3,4) (0,2,4) (1) (0,1) (0,2,3,4) {73,218,68,45,63}
[.......#] (0,2,3,4,7) (2,4) (3,4,6) (1,5) (0,2,3,5,7) (0,1,2,7) (0,1,2,4,5) {163,56,176,137,64,142,12,144}
[..###.#.] (1,6,7) (0,1,4,5,6) (2,3,6) (2,4) (3,5) (0,1,2,3,5) (0,3,5,6,7) (5,6) {19,22,20,35,20,52,54,19}
[#..##] (3,4) (1,3) (0,1,2,3) (0,1,3) (2,4) {16,29,8,29,3}
[#.....#...] (0,2,3,4,5,8,9) (0,1,2,3,4,5,6,7,8) (0,2,3,4,5,7,9) (1,8,9) (0,1,2,3,6,8) (1,6) (0,2,7,8) (2,4,5,7) {55,42,56,45,42,42,24,48,56,39}
[#.##] (0,1,2) (0,3) (1,3) (0,2,3) (1,2) {46,158,153,41}
[#.....] (0,1) (0,1,2,4) (1,3) (1,2,3,5) (0,2,3,5) (2,4) (0,1,2,3,4) {52,66,56,30,40,16}
[#.##] (2) (0,3) (1,3) {5,3,10,8}
[#.###.#.] (0,2,3,4,6) (0,1,3) (1,2,3,7) (2,4) (0,1,4) (1,3,4,5,6,7) (0,3,4,5) (1,3,7) (0,3,7) {75,49,37,94,85,36,37,53}
[.###] (2) (0,3) (2,3) (1,3) (0,2) (1) {26,23,19,43}
[###.] (1,3) (0,1,2) {11,18,11,7}
[.###] (1,2) (2) (0,3) (0,2) (0) (3) {47,12,39,15}
[#..##] (0,3) (0,2,4) (0,3,4) (1,2,3,4) {21,3,18,9,18}
[.#.####.##] (0,1,2,3,4,5,6,8,9) (0,3,6,7,8) (2,3,4,5,6,7,8,9) (2,3,6,7,9) (1,5,8) (0,1,3,4,6,8,9) (0,1,4,6,8) (1,2,4,7,9) (0,1,2,3,5,7,8) (1,2,3,4,5,6,7,9) (0,3,4,5,6,7) (0,5) {71,70,55,89,54,83,83,70,69,57}
[#.#..#] (0,1,3) (0,4) (1,2,3,4) (1,2,3,5) {19,35,33,35,33,17}
[##.##.#] (2,3,4,5) (0,3,4) (0,1,3,5,6) (3,5,6) (1,2,6) (0,1,2) (1,3) (0,1,2,3,6) {45,46,44,77,37,32,30}
[#.###.] (1,4,5) (2,3,4,5) (3,5) (1,5) (0,1) (2,4) {1,26,32,29,44,54}
[##.#] (0,1,3) (0,2) {30,10,20,10}
[.#...] (0,1,3) (2,3,4) (0,2,3,4) (0,3) {36,2,209,225,209}
[.##..] (3,4) (0,1,3) (1,2,3,4) (0,3,4) {23,139,124,152,137}
[#....##] (0,2,3,4,5,6) (2,3,4,5) (2,3,4) (0,3,4,5,6) (0,4) (1,4,5,6) (0,3) (0,1,2,3,5) (1,3,5) {53,15,35,57,65,43,34}
[.#.###..##] (0,3,6,7,8) (0,1,9) (1,2,9) (0,1,3,4) (1,2,3,6,8,9) (6,7,9) (3,8,9) (1,3,4,5,8,9) (0,1,5,6,7) {44,51,19,63,20,14,50,35,48,47}
[..#...] (0,1,2,3) (1,2,3,5) (1,2,3,4,5) (0,2,3,4) (2,5) (0,2,3,4,5) {44,52,92,78,46,55}
[##.#] (0,1,3) (0,1,2) {14,14,6,8}
[.....####] (0,1,8) (0,1,3,4,5,6,7) (2,5,8) (3,4,5,6,7,8) (0,1,2,7,8) (0,1,4,5,6,7) (0,1,2,3,5,6,7) (2,3) (0,1,2,3,4,5,6) (4) (1,3,8) {50,54,32,40,46,49,42,37,27}
[##.#] (1,2) (2,3) (0) (3) {3,19,23,146}
[##.#.] (3,4) (1,2,3) (1,3,4) (1,2) (0,1,4) {2,24,6,23,19}
[#..######.] (1,5,6,7,8,9) (0,6,9) (0,1,3,4,5,6,7,8) (1,3,7,9) (0,1,2,3,4,5,8) (2,5,6,9) (1,4,5) (0,2,9) (1,6) (0,4,5,7) (0,1,3,4,5) {61,70,40,35,55,81,61,47,29,56}
[#.#.###..] (1,5) (0,2,4,5,6,7,8) (0,1,3,4,5,8) (1,2,3,4,5,7,8) (1,2,3,4,8) (3,4,6,7,8) (1,2) (0,7,8) (0,2,4,7) (0,2,5) {51,39,77,31,55,46,27,44,49}
[#..#.] (0,2,3) (1,4) (0,3,4) (0,1) (3,4) (0,2) {25,9,18,162,162}
[#.####] (0,1,2,4) (4) (3,4,5) (1,2,3,4) (0,2,3,4,5) {24,26,36,27,58,15}
[.#.##] (1,2) (1,4) (1,2,4) (0,4) (0,1) (2,3,4) (3,4) {25,56,47,22,48}
[.#.###...] (2,4,7) (0,6) (6,7) (1,5) (2,3,4,5,6,7,8) (0,4,5,8) (2,4,6) (1,3,4) (0,1,2,3,4,6,8) {43,46,48,44,76,43,53,18,46}
[#.#.#] (2,3) (1,2,3,4) (2) (0,3) (1,3) (2,3,4) (2,4) {10,18,43,40,33}
[.#...#] (0,4) (2,4,5) (2,3,5) (1,3,4,5) {16,3,19,10,31,22}
[#...] (0,1,3) (1,3) (1,2) (2,3) {0,33,31,24}
[..#..#] (0,1,2) (0,2,3,4) (0,2,4) (0,1,5) (3,5) (1,2,4,5) (1) {39,55,38,14,28,29}
[..#....#.] (0,2,3,4,5,7,8) (1,2,3,5) (2,3,5,6) (0,1,2,4,6,7) (0,2,8) (1,2,3,4,6,7,8) (1,3,6,7,8) (1,3,5,7) {53,63,78,71,57,32,63,83,74}
[#.#.] (0,1,3) (0,1) (0,2) {37,22,15,4}
[......####] (0,2,3,6,7,8) (0,5) (0,2,3,4,8) (0,2,4,6,7,8,9) (0,1,3,8,9) (0,1,2,3,4,5,6,7,8) (3,8) (0,1,3,4,8,9) (1,3,9) (2,3,4,5,7,9) (1,2,3,4,5,8,9) (0,1,2,4,5,6,9) (7) {61,41,38,61,40,21,24,40,61,40}
[...##..#.] (0,3,5) (3,7) (6,7) (0,5,6) (0,1,2,3,4,5,7) (2,3,4,6) (0,1) (0,1,6) (1,2,4,8) (1,4,5,7,8) {58,66,34,40,43,31,46,34,26}
[#.#.] (0,2) (0,1) (1,2) (0,2,3) {26,10,22,11}
[...###] (0,1,3) (5) (0,1,2,3) (0,1,2,4,5) (0,2,3,4,5) (0) (1,3) (0,1,3,5) {65,43,27,45,24,47}
[#.#.#...] (1,2,3,4,5,7) (1,4,7) (0,2,3,4) (1,6) (3,4) (0,2,5,7) (3,4,5,6) (0,2,4,5,7) {169,33,181,37,49,194,26,189}
[..#..##.#.] (3,5,6,7,8) (2,4,6,8) (0,1,2,4,9) (1,2,5,6,7,8,9) (0,3,4,7,9) (0,1,2,6,8) (0,4,9) (1,2,3,4,5,6,8,9) (0,1,3,7,8,9) (0,1,2,3,5,6,7,8,9) (0,2,3,4,5,6,7,9) (1,2,5,6,8,9) (6,9) {98,79,84,63,62,57,99,66,80,126}
[#......##.] (0,2,5,7) (4,5,9) (0,8,9) (0,1,3,5,9) (2,9) (0,1,8) (0,1,2,3,5,6,7,9) (0,1,3,4,5,6,7,8,9) (0,1,2,6,7,8,9) (1,4,5,9) {66,58,202,30,32,54,42,52,44,233}
[#.######] (2,6) (4,7) (0,1,4,6,7) (2,5,6) (1,2,4,5) (0,1,5,6,7) (0,2,3,4,5,6,7) (0,1,2,3,5,6) (0,1,4,5,7) {41,43,61,24,59,55,59,49}
[...###.##.] (1,2,3,4,5,7,9) (1,4,5,6,7,8,9) (4,9) (0,2,4,5,7,8,9) (0,2,3,5,6,8,9) (1,2) (1,2,3,4,7,8,9) (0,1,3,5,9) (0,2,5,6,7,8,9) (1,2,3,5,8) {36,85,79,73,63,85,30,55,68,90}
[.##..#...] (1,5,7,8) (0,5,8) (1,4) (1,2,5) (3,5,6) (0,1,2,4,5,7,8) (2,5,6) (0,1,2,3,4,6,8) {30,55,46,21,19,95,35,25,46}
[##...####.] (3,6) (0,1,3,5,6,7,9) (0,3) (0,1,5,7,9) (0,4,5,7,8,9) (1,8) (2,9) (2,3,4,5,6,7,8) (0,2,4) (1,5) (0,1,2,3,4,5,7,8) {180,64,161,58,147,66,35,46,22,45}
[...####..] (0,3,7) (3,4,7) (0,2,7,8) (0,4,5,6) (0,4,5,7) (1,2,3,4,6,7,8) (2,4,5,7,8) {52,4,17,23,34,29,24,41,17}
[#.####] (2,3,5) (1,3) (0,3,4,5) (1,2,3,4,5) (0,1,3,4,5) (0,1,4,5) (0,1,2,5) (0,1,2,3,5) {181,175,45,180,152,197}
[...##] (0,2,3) (1,2) (0,3) (0,1,4) (2) {19,17,36,13,6}
[##.#] (2) (1,3) (0,1,3) (0,2) (3) (0) {28,20,34,40}
[#.#.#.#.] (1,3,4,6) (3,4,5) (2,4,5,6,7) (4,5,6,7) (0,1,2,4,7) (0,1,3,4,5,6,7) (0,1,2,5,6,7) {22,24,25,25,49,45,38,41}
[..#.#] (0,1,3) (2,4) (1,2,3,4) {7,19,23,19,23}
[........#.] (1,5,6,9) (1,3,4,5,6,7,8,9) (1,5,6,8) (3,6,8) (0,2,4,5,6,7,8) (1,2,3,4,5,7) (1,2,6) (0,1,2,3,5,6,7,9) (1,4,5,8) (1,2,4,6,8,9) (5,9) (0,1,2,3,4,6,7,8,9) (0,1,2,3,4,6,7,8) {41,222,182,72,81,74,215,57,103,64}
[.##.#] (2,4) (0,2,3,4) (1,2,4) {1,11,22,1,22}
[#.###.#.] (0,1,2,3,4,6) (1,3,7) (0,2,3,4,5) (0,1,2,4,6,7) (3,4,5,6) (4,6) {5,6,5,21,160,16,159,3}
[#.#..#...] (2,4,8) (1,2,7) (6,8) (0,1,2,3,5,7,8) (0,1,2,5,6,7,8) (0,1,2,3,6,8) (0,1,2,4,6,7,8) (3,4,6) (0,2,3,4,5,6) {15,18,48,20,36,12,34,15,39}
[###...##..] (0,1,2,3,4,5,7,9) (0,1,2,5,6,8) (0,1,3,5,6) (0,1,2,3,5,6,7,8,9) (2,4,6,9) (6,7) (0,1,3,4) (1,4,6,9) (0,1,2,3,5,7,8) (0,1,2,3,9) (0,3,5,6,7,8,9) (0,3) {134,115,77,115,46,85,91,54,69,77}
[...#.##] (0,1,5) (3,5,6) (0,4,5,6) (0,4) (2,3) (1,3,5) {25,8,11,24,25,21,13}
[##.#] (0,1) (2) (1,3) (0,3) (0,2) {11,8,16,2}
[#.#.####] (0,2,3,6,7) (2,3,5,7) (0,5,6) (3,4,5) (0,3,4,7) (1,2,3,4,5) (3,4,5,7) {24,10,22,159,147,169,21,144}
[.#.#] (0,1,3) (0,1,2) (0,2,3) {152,144,137,23}
[...#..#] (0,1,3,5,6) (4,5) (5,6) (0,1,2,6) (0,3,6) (0,2,3,4,5) (0,1,2,5,6) (1,5) (1,3,4) {183,188,21,178,18,202,193}
[##..##.] (1,3) (0,1,4,5,6) (0,1,3) (2,3,4,5,6) (0,1,4,5) (0,1,2,4,5,6) (0,1,2) {55,62,35,28,32,32,29}
[#.#..##] (0,3,5,6) (0,2,5,6) (0,1,3,5) (0,1,2,5,6) (1,2,4,5,6) {206,196,22,188,4,210,36}
[#.####.#.] (1,2,3,5,6,7,8) (0,2,3,5,7) (0,2,3,4,5,7) (0,1,2,5,6,7,8) (0,1,2,4,5,8) (0,2,3,4,5,6,7) (3,7) {59,21,62,54,30,62,21,66,21}
[#...] (2,3) (0,2,3) (0,1) {106,2,121,121}
[.#.#.#.] (4,6) (0,1,2,4,6) (0,3,4) (1,2,4,5,6) (0,1,5,6) {28,17,8,17,25,15,17}
[...###.#.] (0,1,3,5,6,7) (1,3) (0,3,6,7,8) (0,1,2,3,4) (1,2,3,4,6,7,8) (0,1,3,5) (0,1,3,5,6,7,8) (3,4,6) {46,52,19,189,141,30,180,58,46}
[.#.####.#] (0,7) (0,2,4,5,6,7,8) (0,3,5) (2,3,4,5,6,7,8) (1,3,4) (8) (0,2,8) (5,7,8) (1,3,8) (0,1,2,3,4,5,6) {35,28,34,48,34,31,24,44,71}
[#..#..##] (0,1,5,6,7) (0,1,5) (0,1,3,4,5,6) (1,5,7) (0,1,2,3,4,5,6) (0,1) (1,2,5,7) (1,3,5,6,7) {45,75,28,31,26,68,34,33}
[##.#####] (0,1,4) (0,3,5,6) (1,3,4,5,6,7) (0,2,3,4,5) (6,7) (0,1,2,3,5,6,7) (1,3,4,5,6) (0,2,3,4,7) {76,38,55,78,53,61,53,49}
[.....###.#] (1,3) (1,3,8,9) (1,2,4,7) (0,5,8) (0,2,6,7,8,9) (0,1,2,6,7,8,9) (0,1,3,4,5,6,7,9) (0,1,2,7,8,9) {44,56,46,25,38,18,37,64,27,45}
[..#.] (0,2) (2,3) (0,1) (0,3) (0,1,3) {49,17,34,47}
[.#..##] (0,1,2,5) (2,4,5) (0,3,5) (1,3,5) (2,3,4) (0,2) {32,19,22,40,7,38}
[##..#.##.#] (3,5,8) (5,6) (0,2,6,9) (0,1,3,4,6,7,9) (0,3,5,6,7,9) (2,3,5,7) (0,1,2,3,5,6,7,8) (4,6,7,8) (0,1,5,7,8,9) (0,2,3,4,5,8) (1,5) {73,43,49,84,32,198,164,57,64,36}
[#...###] (0,3,4) (0,2,4,6) (1,3,5) (3,4) (0,1,6) (2,6) {16,28,21,29,15,15,34}
